7 5 3 1 0 0 1 2 4 6 8 9 9 8 7 5 3 1 0 0 1 2 4 6 8 9 9 8 7 5 3 1 0 0 1 2 4 6 8 9 9 8 7 5 3 1 0 0 1 2 2 1 0 0 1 3 5 7 8 9 9 8 6 4 2 1 0 0 1 3 5 7 8 9 9 8 6 4 2 1 0 0 1 3 5 7 8 9 9 8 6 4 2 1 0 0 1 3 5 7
5 3 1 0 0 1 2 4 6 8 9 9 8 7 5 3 1 0 0 1 2 4 6 8 9 9 8 7 5 3 1 0 0 1 2 4 6 8 9 9 8 7 5 3 1 0 0 1 2 4 4 2 1 0 0 1 3 5 7 8 9 9 8 6 4 2 1 0 0 1 3 5 7 8 9 9 8 6 4 2 1 0 0 1 3 5 7 8 9 9 8 6 4 2 1 0 0 1 3 5
3 1 0 0 1 2 4 6 8 9 9 8 7 5 3 1 0 0 1 2 4 6 8 9 9 8 7 5 3 1 0 0 1 2 4 6 8 9 9 8 7 5 3 1 0 0 1 2 4 6 6 4 2 1 0 0 1 3 5 7 8 9 9 8 6 4 2 1 0 0 1 3 5 7 8 9 9 8 6 4 2 1 0 0 1 3 5 7 8 9 9 8 6 4 2 1 0 0 1 3
1 0 0 1 2 4 6 8 9 9 8 7 5 3 1 0 0 1 2 4 6 8 9 9 8 7 5 3 1 0 0 1 2 4 6 8 9 9 8 7 5 3 1 0 0 1 2 4 6 8 8 6 4 2 1 0 0 1 3 5 7 8 9 9 8 6 4 2 1 0 0 1 3 5 7 8 9 9 8 6 4 2 1 0 0 1 3 5 7 8 9 9 8 6 4 2 1 0 0 1
0 0 1 2 4 6 8 9 9 8 7 5 3 1 0 0 1 2 4 6 8 9 9 8 7 5 3 1 0 0 1 2 4 6 8 9 9 8 7 5 3 1 0 0 1 2 4 6 8 9 9 8 6 4 2 1 0 0 1 3 5 7 8 9 9 8 6 4 2 1 0 0 1 3 5 7 8 9 9 8 6 4 2 1 0 0 1 3 5 7 8 9 9 8 6 4 2 1 0 0
0 1 2 4 6 8 9 9 8 7 5 3 1 0 0 1 2 4 6 8 9 9 8 7 5 3 1 0 0 1 2 4 6 8 9 9 8 7 5 3 1 0 0 1 2 4 6 8 9 9 9 9 8 6 4 2 1 0 0 1 3 5 7 8 9 9 8 6 4 2 1 0 0 1 3 5 7 8 9 9 8 6 4 2 1 0 0 1 3 5 7 8 9 9 8 6 4 2 1 0
1 2 4 6 8 9 9 8 7 5 3 1 0 0 1 2 4 6 8 9 9 8 7 5 3 1 0 0 1 2 4 6 8 9 9 8 7 5 3 1 0 0 1 2 4 6 8 9 9 8 8 9 9 8 6 4 2 1 0 0 1 3 5 7 8 9 9 8 6 4 2 1 0 0 1 3 5 7 8 9 9 8 6 4 2 1 0 0 1 3 5 7 8 9 9 8 6 4 2 1
2 4 6 8 9 9 8 7 5 3 1 0 0 1 2 4 6 8 9 9 8 7 5 3 1 0 0 1 2 4 6 8 9 9 8 7 5 3 1 0 0 1 2 4 6 8 9 9 8 7 7 8 9 9 8 6 4 2 1 0 0 1 3 5 7 8 9 9 8 6 4 2 1 0 0 1 3 5 7 8 9 9 8 6 4 2 1 0 0 1 3 5 7 8 9 9 8 6 4 2
4 6 8 9 9 8 7 5 3 1 0 0 1 2 4 6 8 9 9 8 7 5 3 1 0 0 1 2 4 6 8 9 9 8 7 5 3 1 0 0 1 2 4 6 8 9 9 8 7 5 5 7 8 9 9 8 6 4 2 1 0 0 1 3 5 7 8 9 9 8 6 4 2 1 0 0 1 3 5 7 8 9 9 8 6 4 2 1 0 0 1 3 5 7 8 9 9 8 6 4
6 8 9 9 8 7 5 3 1 0 0 1 2 4 6 8 9 9 8 7 5 3 1 0 0 1 2 4 6 8 9 9 8 7 5 3 1 0 0 1 2 4 6 8 9 9 8 7 5 3 3 5 7 8 9 9 8 6 4 2 1 0 0 1 3 5 7 8 9 9 8 6 4 2 1 0 0 1 3 5 7 8 9 9 8 6 4 2 1 0 0 1 3 5 7 8 9 9 8 6
8 9 9 8 7 5 3 1 0 0 1 2 4 6 8 9 9 8 7 5 3 1 0 0 1 2 4 6 8 9 9 8 7 5 3 1 0 0 1 2 4 6 8 9 9 8 7 5 3 1 1 3 5 7 8 9 9 8 6 4 2 1 0 0 1 3 5 7 8 9 9 8 6 4 2 1 0 0 1 3 5 7 8 9 9 8 6 4 2 1 0 0 1 3 5 7 8 9 9 8
9 9 8 7 5 3 1 0 0 1 2 4 6 8 9 9 8 7 5 3 1 0 0 1 2 4 6 8 9 9 8 7 5 3 1 0 0 1 2 4 6 8 9 9 8 7 5 3 1 0 0 1 3 5 7 8 9 9 8 6 4 2 1 0 0 1 3 5 7 8 9 9 8 6 4 2 1 0 0 1 3 5 7 8 9 9 8 6 4 2 1 0 0 1 3 5 7 8 9 9
9 8 7 5 3 1 0 0 1 2 4 6 8 9 9 8 7 5 3 1 0 0 1 2 4 6 8 9 9 8 7 5 3 1 0 0 1 2 4 6 8 9 9 8 7 5 3 1 0 0 0 0 1 3 5 7 8 9 9 8 6 4 2 1 0 0 1 3 5 7 8 9 9 8 6 4 2 1 0 0 1 3 5 7 8 9 9 8 6 4 2 1 0 0 1 3 5 7 8 9
8 7 5 3 1 0 0 1 2 4 6 8 9 9 8 7 5 3 1 0 0 1 2 4 6 8 9 9 8 7 5 3 1 0 0 1 2 4 6 8 9 9 8 7 5 3 1 0 0 1 1 0 0 1 3 5 7 8 9 9 8 6 4 2 1 0 0 1 3 5 7 8 9 9 8 6 4 2 1 0 0 1 3 5 7 8 9 9 8 6 4 2 1 0 0 1 3 5 7 8
7 5 3 1 0 0 1 2 4 6 8 9 9 8 7 5 3 1 0 0 1 2 4 6 8 9 9 8 7 5 3 1 0 0 1 2 4 6 8 9 9 8 7 5 3 1 0 0 1 2 2 1 0 0 1 3 5 7 8 9 9 8 6 4 2 1 0 0 1 3 5 7 8 9 9 8 6 4 2 1 0 0 1 3 5 7 8 9 9 8 6 4 2 1 0 0 1 3 5 7
5 3 1 0 0 1 2 4 6 8 9 9 8 7 5 3 1 0 0 1 2 4 6 8 9 9 8 7 5 3 1 0 0 1 2 4 6 8 9 9 8 7 5 3 1 0 0 1 2 4 4 2 1 0 0 1 3 5 7 8 9 9 8 6 4 2 1 0 0 1 3 5 7 8 9 9 8 6 4 2 1 0 0 1 3 5 7 8 9 9 8 6 4 2 1 0 0 1 3 5
3 1 0 0 1 2 4 6 8 9 9 8 7 5 3 1 0 0 1 2 4 6 8 9 9 8 7 5 3 1 0 0 1 2 4 6 8 9 9 8 7 5 3 1 0 0 1 2 4 6 6 4 2 1 0 0 1 3 5 7 8 9 9 8 6 4 2 1 0 0 1 3 5 7 8 9 9 8 6 4 2 1 0 0 1 3 5 7 8 9 9 8 6 4 2 1 0 0 1 3
1 0 0 1 2 4 6 8 9 9 8 7 5 3 1 0 0 1 2 4 6 8 9 9 8 7 5 3 1 0 0 1 2 4 6 8 9 9 8 7 5 3 1 0 0 1 2 4 6 8 8 6 4 2 1 0 0 1 3 5 7 8 9 9 8 6 4 2 1 0 0 1 3 5 7 8 9 9 8 6 4 2 1 0 0 1 3 5 7 8 9 9 8 6 4 2 1 0 0 1
0 0 1 2 4 6 8 9 9 8 7 5 3 1 0 0 1 2 4 6 8 9 9 8 7 5 3 1 0 0 1 2 4 6 8 9 9 8 7 5 3 1 0 0 1 2 4 6 8 9 9 8 6 4 2 1 0 0 1 3 5 7 8 9 9 8 6 4 2 1 0 0 1 3 5 7 8 9 9 8 6 4 2 1 0 0 1 3 5 7 8 9 9 8 6 4 2 1 0 0
0 1 2 4 6 8 9 9 8 7 5 3 1 0 0 1 2 4 6 8 9 9 8 7 5 3 1 0 0 1 2 4 6 8 9 9 8 7 5 3 1 0 0 1 2 4 6 8 9 9 9 9 8 6 4 2 1 0 0 1 3 5 7 8 9 9 8 6 4 2 1 0 0 1 3 5 7 8 9 9 8 6 4 2 1 0 0 1 3 5 7 8 9 9 8 6 4 2 1 0
1 2 4 6 8 9 9 8 7 5 3 1 0 0 1 2 4 6 8 9 9 8 7 5 3 1 0 0 1 2 4 6 8 9 9 8 7 5 3 1 0 0 1 2 4 6 8 9 9 8 8 9 9 8 6 4 2 1 0 0 1 3 5 7 8 9 9 8 6 4 2 1 0 0 1 3 5 7 8 9 9 8 6 4 2 1 0 0 1 3 5 7 8 9 9 8 6 4 2 1
2 4 6 8 9 9 8 7 5 3 1 0 0 1 2 4 6 8 9 9 8 7 5 3 1 0 0 1 2 4 6 8 9 9 8 7 5 3 1 0 0 1 3 4 6 8 9 9 8 6 6 8 9 9 8 6 4 3 1 0 0 1 3 5 7 8 9 9 8 6 4 2 1 0 0 1 3 5 7 8 9 9 8 6 4 2 1 0 0 1 3 5 7 8 9 9 8 6 4 2
2 4 6 8 9 9 8 7 5 3 1 0 0 1 2 4 6 8 9 9 8 7 5 3 1 0 0 1 2 4 6 8 9 9 8 7 5 3 1 0 0 1 3 4 6 8 9 9 8 6 6 8 9 9 8 6 4 3 1 0 0 1 3 5 7 8 9 9 8 6 4 2 1 0 0 1 3 5 7 8 9 9 8 6 4 2 1 0 0 1 3 5 7 8 9 9 8 6 4 2
1 2 4 6 8 9 9 8 7 5 3 1 0 0 1 2 4 6 8 9 9 8 7 5 3 1 0 0 1 2 4 6 8 9 9 8 7 5 3 1 0 0 1 2 4 6 8 9 9 8 8 9 9 8 6 4 2 1 0 0 1 3 5 7 8 9 9 8 6 4 2 1 0 0 1 3 5 7 8 9 9 8 6 4 2 1 0 0 1 3 5 7 8 9 9 8 6 4 2 1
0 1 2 4 6 8 9 9 8 7 5 3 1 0 0 1 2 4 6 8 9 9 8 7 5 3 1 0 0 1 2 4 6 8 9 9 8 7 5 3 1 0 0 1 2 4 6 8 9 9 9 9 8 6 4 2 1 0 0 1 3 5 7 8 9 9 8 6 4 2 1 0 0 1 3 5 7 8 9 9 8 6 4 2 1 0 0 1 3 5 7 8 9 9 8 6 4 2 1 0
0 0 1 2 4 6 8 9 9 8 7 5 3 1 0 0 1 2 4 6 8 9 9 8 7 5 3 1 0 0 1 2 4 6 8 9 9 8 7 5 3 1 0 0 1 2 4 6 8 9 9 8 6 4 2 1 0 0 1 3 5 7 8 9 9 8 6 4 2 1 0 0 1 3 5 7 8 9 9 8 6 4 2 1 0 0 1 3 5 7 8 9 9 8 6 4 2 1 0 0
1 0 0 1 2 4 6 8 9 9 8 7 5 3 1 0 0 1 2 4 6 8 9 9 8 7 5 3 1 0 0 1 2 4 6 8 9 9 8 7 5 3 1 0 0 1 2 4 6 8 8 6 4 2 1 0 0 1 3 5 7 8 9 9 8 6 4 2 1 0 0 1 3 5 7 8 9 9 8 6 4 2 1 0 0 1 3 5 7 8 9 9 8 6 4 2 1 0 0 1
3 1 0 0 1 2 4 6 8 9 9 8 7 5 3 1 0 0 1 2 4 6 8 9 9 8 7 5 3 1 0 0 1 2 4 6 8 9 9 8 7 5 3 1 0 0 1 2 4 6 6 4 2 1 0 0 1 3 5 7 8 9 9 8 6 4 2 1 0 0 1 3 5 7 8 9 9 8 6 4 2 1 0 0 1 3 5 7 8 9 9 8 6 4 2 1 0 0 1 3
5 3 1 0 0 1 2 4 6 8 9 9 8 7 5 3 1 0 0 1 2 4 6 8 9 9 8 7 5 3 1 0 0 1 2 4 6 8 9 9 8 7 5 3 1 0 0 1 2 4 4 2 1 0 0 1 3 5 7 8 9 9 8 6 4 2 1 0 0 1 3 5 7 8 9 9 8 6 4 2 1 0 0 1 3 5 7 8 9 9 8 6 4 2 1 0 0 1 3 5
7 5 3 1 0 0 1 2 4 6 8 9 9 8 7 5 3 1 0 0 1 2 4 6 8 9 9 8 7 5 3 1 0 0 1 2 4 6 8 9 9 8 7 5 3 1 0 0 1 2 2 1 0 0 1 3 5 7 8 9 9 8 6 4 2 1 0 0 1 3 5 7 8 9 9 8 6 4 2 1 0 0 1 3 5 7 8 9 9 8 6 4 2 1 0 0 1 3 5 7
8 7 5 3 1 0 0 1 2 4 6 8 9 9 8 7 5 3 1 0 0 1 2 4 6 8 9 9 8 7 5 3 1 0 0 1 2 4 6 8 9 9 8 7 5 3 1 0 0 1 1 0 0 1 3 5 7 8 9 9 8 6 4 2 1 0 0 1 3 5 7 8 9 9 8 6 4 2 1 0 0 1 3 5 7 8 9 9 8 6 4 2 1 0 0 1 3 5 7 8
9 8 7 5 3 1 0 0 1 2 4 6 8 9 9 8 7 5 3 1 0 0 1 2 4 6 8 9 9 8 7 5 3 1 0 0 1 2 4 6 8 9 9 8 7 5 3 1 0 0 0 0 1 3 5 7 8 9 9 8 6 4 2 1 0 0 1 3 5 7 8 9 9 8 6 4 2 1 0 0 1 3 5 7 8 9 9 8 6 4 2 1 0 0 1 3 5 7 8 9
9 9 8 7 5 3 1 0 0 1 2 4 6 8 9 9 8 7 5 3 1 0 0 1 2 4 6 8 9 9 8 7 5 3 1 0 0 1 2 4 6 8 9 9 8 7 5 3 1 0 0 1 3 5 7 8 9 9 8 6 4 2 1 0 0 1 3 5 7 8 9 9 8 6 4 2 1 0 0 1 3 5 7 8 9 9 8 6 4 2 1 0 0 1 3 5 7 8 9 9
8 9 9 8 7 5 3 1 0 0 1 2 4 6 8 9 9 8 7 5 3 1 0 0 1 2 4 6 8 9 9 8 7 5 3 1 0 0 1 2 4 6 8 9 9 8 7 5 3 1 1 3 5 7 8 9 9 8 6 4 2 1 0 0 1 3 5 7 8 9 9 8 6 4 2 1 0 0 1 3 5 7 8 9 9 8 6 4 2 1 0 0 1 3 5 7 8 9 9 8
6 8 9 9 8 7 5 3 1 0 0 1 2 4 6 8 9 9 8 7 5 3 1 0 0 1 2 4 6 8 9 9 8 7 5 3 1 0 0 1 2 4 6 8 9 9 8 7 5 3 3 5 7 8 9 9 8 6 4 2 1 0 0 1 3 5 7 8 9 9 8 6 4 2 1 0 0 1 3 5 7 8 9 9 8 6 4 2 1 0 0 1 3 5 7 8 9 9 8 6
4 6 8 9 9 8 7 5 3 1 0 0 1 2 4 6 8 9 9 8 7 5 3 1 0 0 1 2 4 6 8 9 9 8 7 5 3 1 0 0 1 2 4 6 8 9 9 8 7 5 5 7 8 9 9 8 6 4 2 1 0 0 1 3 5 7 8 9 9 8 6 4 2 1 0 0 1 3 5 7 8 9 9 8 6 4 2 1 0 0 1 3 5 7 8 9 9 8 6 4
2 4 6 8 9 9 8 7 5 3 1 0 0 1 2 4 6 8 9 9 8 7 5 3 1 0 0 1 2 4 6 8 9 9 8 7 5 3 1 0 0 1 2 4 6 8 9 9 8 7 7 8 9 9 8 6 4 2 1 0 0 1 3 5 7 8 9 9 8 6 4 2 1 0 0 1 3 5 7 8 9 9 8 6 4 2 1 0 0 1 3 5 7 8 9 9 8 6 4 2
1 2 4 6 8 9 9 8 7 5 3 1 0 0 1 2 4 6 8 9 9 8 7 5 3 1 0 0 1 2 4 6 8 9 9 8 7 5 3 1 0 0 1 2 4 6 8 9 9 8 8 9 9 8 6 4 2 1 0 0 1 3 5 7 8 9 9 8 6 4 2 1 0 0 1 3 5 7 8 9 9 8 6 4 2 1 0 0 1 3 5 7 8 9 9 8 6 4 2 1
0 1 2 4 6 8 9 9 8 7 5 3 1 0 0 1 2 4 6 8 9 9 8 7 5 3 1 0 0 1 2 4 6 8 9 9 8 7 5 3 1 0 0 1 2 4 6 8 9 9 9 9 8 6 4 2 1 0 0 1 3 5 7 8 9 9 8 6 4 2 1 0 0 1 3 5 7 8 9 9 8 6 4 2 1 0 0 1 3 5 7 8 9 9 8 6 4 2 1 0
0 0 1 2 4 6 8 9 9 8 7 5 3 1 0 0 1 2 4 6 8 9 9 8 7 5 3 1 0 0 1 2 4 6 8 9 9 8 7 5 3 1 0 0 1 2 4 6 8 9 9 8 6 4 2 1 0 0 1 3 5 7 8 9 9 8 6 4 2 1 0 0 1 3 5 7 8 9 9 8 6 4 2 1 0 0 1 3 5 7 8 9 9 8 6 4 2 1 0 0
1 0 0 1 2 4 6 8 9 9 8 7 5 3 1 0 0 1 2 4 6 8 9 9 8 7 5 3 1 0 0 1 2 4 6 8 9 9 8 7 5 3 1 0 0 1 2 4 6 8 8 6 4 2 1 0 0 1 3 5 7 8 9 9 8 6 4 2 1 0 0 1 3 5 7 8 9 9 8 6 4 2 1 0 0 1 3 5 7 8 9 9 8 6 4 2 1 0 0 1
3 1 0 0 1 2 4 6 8 9 9 8 7 5 3 1 0 0 1 2 4 6 8 9 9 8 7 5 3 1 0 0 1 2 4 6 8 9 9 8 7 5 3 1 0 0 1 2 4 6 6 4 2 1 0 0 1 3 5 7 8 9 9 8 6 4 2 1 0 0 1 3 5 7 8 9 9 8 6 4 2 1 0 0 1 3 5 7 8 9 9 8 6 4 2 1 0 0 1 3
5 3 1 0 0 1 2 4 6 8 9 9 8 7 5 3 1 0 0 1 2 4 6 8 9 9 8 7 5 3 1 0 0 1 2 4 6 8 9 9 8 7 5 3 1 0 0 1 2 4 4 2 1 0 0 1 3 5 7 8 9 9 8 6 4 2 1 0 0 1 3 5 7 8 9 9 8 6 4 2 1 0 0 1 3 5 7 8 9 9 8 6 4 2 1 0 0 1 3 5
7 5 3 1 0 0 1 2 4 6 8 9 9 8 7 5 3 1 0 0 1 2 4 6 8 9 9 8 7 5 3 1 0 0 1 2 4 6 8 9 9 8 7 5 3 1 0 0 1 2 2 1 0 0 1 3 5 7 8 9 9 8 6 4 2 1 0 0 1 3 5 7 8 9 9 8 6 4 2 1 0 0 1 3 5 7 8 9 9 8 6 4 2 1 0 0 1 3 5 7
